0.01
0.0095
0.009025
0.00857375
0.0081450625
0.007737809375
0.00735091890625
0.0069833729609375
0.00663420431289062
0.00630249409724609
0.00598736939238379
0.0056880009227646
0.00540360087662637
0.00513342083279505
0.0048767497911553
0.00463291230159753
0.00440126668651765
0.00418120335219177
0.00397214318458218
0.00377353602535307
0.00358485922408542
0.00340561626288115
0.00323533544973709
0.00307356867725024
0.00291989024338772
0.00277389573121834
0.00263520094465742
0.00250344089742455
0.00237826885255332
0.00225935540992566
0.00214638763942937
0.0020390682574579
0.00193711484458501
0.00184025910235576
0.00174824614723797
0.00166083383987607
0.00157779214788227
0.00149890254048815
0.00142395741346375
0.00135275954279056
0.00128512156565103
0.00122086548736848
0.00115982221300006
0.00110183110235005
0.00104673954723255
0.000994402569870922
0.000944682441377376
0.000897448319308507
0.000852575903343082
0.000809947108175928
0.000769449752767131
0.000730977265128775
0.000694428401872336
0.000659706981778719
0.000626721632689783
0.000595385551055294
0.000565616273502529
0.000537335459827403
0.000510468686836033
0.000484945252494231
0.000460697989869519
0.000437663090376043
0.000415779935857241
0.000394990939064379
0.00037524139211116
0.000356479322505602
0.000338655356380322
0.000321722588561306
0.000305636459133241
0.000290354636176578
0.00027583690436775
0.000262045059149362
0.000248942806191894
0.000236495665882299
0.000224670882588184
0.000213437338458775
0.000202765471535836
0.000192627197959044
0.000182995838061092
0.000173846046158038
0.000165153743850136
0.000156896056657629
0.000149051253824747
0.00014159869113351
0.000134518756576835
0.000127792818747993
0.000121403177810593
0.000115333018920064
0.00010956636797406
0.000104088049575357
9.88836470965895e-05
9.393946474176e-05
8.9242491504672e-05
8.47803669294384e-05
8.05413485829664e-05
7.65142811538181e-05
7.26885670961272e-05
6.90541387413208e-05
6.56014318042548e-05
6.23213602140421e-05
5.92052922033399e-05
5.62450275931729e-05
5.34327762135143e-05
5.07611374028386e-05
4.82230805326966e-05
4.58119265060618e-05
4.35213301807587e-05
4.13452636717208e-05
3.92780004881347e-05
3.7314100463728e-05
3.54483954405416e-05
3.36759756685145e-05
3.19921768850888e-05
3.03925680408344e-05
2.88729396387926e-05
2.7429292656853e-05
2.60578280240103e-05
2.47549366228098e-05
2.35171897916693e-05
2.23413303020859e-05
2.12242637869816e-05
2.01630505976325e-05
1.91548980677509e-05
1.81971531643633e-05
1.72872955061452e-05
1.64229307308379e-05
1.5601784194296e-05
1.48216949845812e-05
1.40806102353521e-05
1.33765797235845e-05
1.27077507374053e-05
1.2072363200535e-05
1.14687450405083e-05
1.08953077884829e-05
1.03505423990587e-05
9.83301527910579e-06
9.3413645151505e-06
8.87429628939297e-06
8.43058147492332e-06
8.00905240117716e-06
7.6085997811183e-06
7.22816979206239e-06
6.86676130245927e-06
6.5234232373363e-06
6.19725207546949e-06
5.88738947169601e-06
5.59301999811121e-06
5.31336899820565e-06
5.04770054829537e-06
4.7953155208806e-06
4.55554974483657e-06
4.32777225759474e-06
4.111383644715e-06
3.90581446247925e-06
3.71052373935529e-06
3.52499755238753e-06
3.34874767476815e-06
3.18131029102974e-06
3.02224477647825e-06
2.87113253765434e-06
2.72757591077162e-06
2.59119711523304e-06
2.46163725947139e-06
2.33855539649782e-06
2.22162762667293e-06
2.11054624533928e-06
2.00501893307232e-06
1.9047679864187e-06
1.80952958709777e-06
1.71905310774288e-06
1.63310045235574e-06
1.55144542973795e-06
1.47387315825105e-06
1.4001795003385e-06
1.33017052532157e-06
1.26366199905549e-06
1.20047889910272e-06
1.14045495414758e-06
1.0834322064402e-06
1.02926059611819e-06
9.77797566312284e-07
9.2890768799667e-07
8.82462303596837e-07
8.38339188416995e-07
7.96422228996145e-07
7.56601117546338e-07
7.18771061669021e-07
6.8283250858557e-07
6.48690883156291e-07
6.16256338998477e-07
5.85443522048553e-07
5.56171345946125e-07
5.28362778648819e-07
5.01944639716378e-07
4.76847407730559e-07
4.53005037344031e-07
4.30354785476829e-07
4.08837046202988e-07
3.88395193892839e-07
3.68975434198197e-07
3.50526662488287e-07
3.33000329363872e-07
3.16350312895679e-07
3.00532797250895e-07
2.8550615738835e-07
2.71230849518933e-07
2.57669307042986e-07
2.44785841690837e-07
2.32546549606295e-07
2.2091922212598e-07
2.09873261019681e-07
1.99379597968697e-07
1.89410618070262e-07
1.79940087166749e-07
1.70943082808412e-07
1.62395928667991e-07
1.54276132234591e-07
1.46562325622862e-07
1.39234209341719e-07
1.32272498874633e-07
1.25658873930901e-07
1.19375930234356e-07
1.13407133722638e-07
1.07736777036506e-07
1.02349938184681e-07
9.7232441275447e-08
9.23708192116746e-08
8.77522782510909e-08
8.33646643385363e-08
7.91964311216095e-08
7.5236609565529e-08
7.14747790872526e-08
6.79010401328899e-08
6.45059881262454e-08
6.12806887199332e-08
5.82166542839365e-08
5.53058215697397e-08
5.25405304912527e-08
4.99135039666901e-08
4.74178287683556e-08
4.50469373299378e-08
4.27945904634409e-08
4.06548609402688e-08
3.86221178932554e-08
3.66910119985926e-08
3.4856461398663e-08
3.31136383287299e-08
3.14579564122934e-08
2.98850585916787e-08
2.83908056620947e-08
2.697126537899e-08
2.56227021100405e-08
2.43415670045385e-08
2.31244886543116e-08
2.1968264221596e-08
2.08698510105162e-08
1.98263584599904e-08
1.88350405369908e-08
1.78932885101413e-08
1.69986240846342e-08
1.61486928804025e-08
1.53412582363824e-08
1.45741953245633e-08
1.38454855583351e-08
1.31532112804184e-08
1.24955507163974e-08
1.18707731805776e-08
1.12772345215487e-08
1.07133727954713e-08
1.01777041556977e-08
9.6688189479128e-09
9.18537800051716e-09
8.7261091004913e-09
8.28980364546674e-09
7.8753134631934e-09
7.48154779003373e-09
7.10747040053204e-09
6.75209688050544e-09
6.41449203648017e-09
6.09376743465616e-09
5.78907906292335e-09
5.49962510977718e-09
5.22464385428833e-09
4.96341166157391e-09
4.71524107849521e-09
4.47947902457045e-09
4.25550507334193e-09
4.04272981967483e-09
3.84059332869109e-09
3.64856366225654e-09
3.46613547914371e-09
3.29282870518652e-09
3.1281872699272e-09
2.97177790643084e-09
2.8231890111093e-09
2.68202956055383e-09
2.54792808252614e-09
2.42053167839983e-09
2.29950509447984e-09
2.18452983975585e-09
2.07530334776806e-09
1.97153818037965e-09
1.87296127136067e-09
1.77931320779264e-09
1.690347547403e-09
1.60583017003285e-09
1.52553866153121e-09
1.44926172845465e-09
1.37679864203192e-09
1.30795870993032e-09
1.24256077443381e-09
1.18043273571212e-09
1.12141109892651e-09
1.06534054398018e-09
1.01207351678117e-09
9.61469840942116e-10
9.1339634889501e-10
8.67726531450259e-10
8.24340204877746e-10
7.83123194633859e-10
7.43967034902166e-10
7.06768683157058e-10
6.71430248999205e-10
6.37858736549245e-10
6.05965799721782e-10
5.75667509735693e-10
5.46884134248909e-10
5.19539927536463e-10
4.9356293115964e-10
4.68884784601658e-10
4.45440545371575e-10
4.23168518102996e-10
4.02010092197846e-10
3.81909587587954e-10
3.62814108208556e-10
3.44673402798128e-10
3.27439732658222e-10
3.11067746025311e-10
2.95514358724045e-10
2.80738640787843e-10
2.66701708748451e-10
2.53366623311028e-10
2.40698292145477e-10
2.28663377538203e-10
2.17230208661293e-10
2.06368698228228e-10
1.96050263316817e-10
1.86247750150976e-10
1.76935362643427e-10
1.68088594511256e-10
1.59684164785693e-10
1.51699956546408e-10
1.44114958719088e-10
1.36909210783133e-10
1.30063750243977e-10
1.23560562731778e-10
1.17382534595189e-10
1.1151340786543e-10
1.05937737472158e-10
1.0064085059855e-10
9.56088080686227e-11
9.08283676651915e-11
8.6286949281932e-11
8.19726018178354e-11
7.78739717269436e-11
7.39802731405964e-11
7.02812594835666e-11
6.67671965093882e-11
6.34288366839188e-11
6.02573948497229e-11
5.72445251072367e-11
5.43822988518749e-11
5.16631839092812e-11
4.90800247138171e-11
4.66260234781262e-11
4.42947223042199e-11
4.20799861890089e-11
3.99759868795585e-11
3.79771875355806e-11
3.60783281588015e-11
3.42744117508614e-11
3.25606911633184e-11
3.09326566051525e-11
2.93860237748948e-11
2.79167225861501e-11
2.65208864568426e-11
2.51948421340004e-11
2.39351000273004e-11
2.27383450259354e-11
2.16014277746386e-11
2.05213563859067e-11
1.94952885666114e-11
1.85205241382808e-11
1.75944979313667e-11
1.67147730347984e-11
1.58790343830585e-11
1.50850826639056e-11
1.43308285307103e-11
1.36142871041748e-11
1.2933572748966e-11
