0.331768140319333
0.331846108376157
0.331920206387686
0.33199062510169
0.33205754599567
0.332121141714479
0.332181576488641
0.332239006533998
0.332293580433314
0.332345439500805
0.33239471812994
0.332441544125473
0.33248603902011
0.332528318376762
0.332568492076588
0.332606664593718
0.332642935257249
0.332677398500772
0.332710144100296
0.332741257400825
0.332770819532501
0.332798907615992
0.332825594958611
0.332850951240651
0.332875042693189
0.332897932267088
0.33291967979391
0.33294034213913
0.3329599733481
0.332978624784714
0.332996345263305
0.333013181174685
0.33302917660523
0.333044373451002
0.333058811525428
0.333072528662937
0.333085560816053
0.333097942148996
0.333109705126086
0.333120880595808
0.333131497871094
0.333141584805167
0.333151167864154
0.333160272195994
0.333168921695279
0.333177139066483
0.333184945882105
0.333192362639266
0.333199408813688
0.333206102909318
0.333212462507874
0.333218504313974
0.333224244198798
0.333229697242172
0.333234877771108
0.333239799397863
0.333244475055758
0.333248917031798
0.333253137000588
0.333257146053403
0.333260954727978
0.333264573036095
0.333268010489432
0.333271276124991
0.333274378527933
0.333277325855566
0.333280125856823
0.333282785894381
0.333285312962967
0.333287713707648
0.333289994441775
0.333292161163379
0.33329421957026
0.33329617507686
0.333298032825708
0.333299797703026
0.333301474351215
0.333303067179538
0.333304580378409
0.333306017927844
0.333307383609487
0.333308681016172
0.333309913559875
0.333311084483014
0.333312196867522
0.3333132536377
0.333314257574075
0.333315211318915
0.333316117380306
0.333316978143099
0.333317795871296
0.333318572715638
0.333319310720952
0.333320011828014
0.333320677881614
0.333321310635241
0.333321911752368
0.333322482817346
0.333323025329779
0.333323540715875
0.333324030335595
0.333324495476079
0.333324937358974
0.333325357149696
0.333325755951694
0.333326134814697
0.333326494733945
0.333326836656825
0.333327161487365
0.333327470072688
0.333327763232909
0.333328041735536
0.333328306311026
0.333328557660135
0.333328796440679
0.333329023282335
0.333329238782613
0.333329443507725
0.333329637999838
0.333329822762945
0.333329998288101
0.333330165043313
0.333330323455681
0.333330473944941
0.333330616919275
0.333330752738461
0.333330881763289
0.333331004343512
0.333331120791635
0.333331231420282
0.333331336516555
0.333331436352233
0.333331531201017
0.33333162130945
0.333331706907987
0.333331788233701
0.333331865489301
0.333331938873669
0.333332008598241
0.333332074838989
0.333332137767825
0.333332197546125
0.333332254330017
0.333332308290537
0.333332359542883
0.333332408228608
0.33333245446954
0.33333249840942
0.333332540157426
0.333332579828792
0.333332617485303
0.333332653309068
0.333332687283691
0.333332719615569
0.333332750286013
0.333332779430569
0.33333280712856
0.333332833433149
0.333332858418491
0.333332882195733
0.33333290472724
0.333332926165212
0.333332946532823
0.333332965855041
0.333332984247754
0.333333001683213
0.333333018289334
0.333333034017953
0.33333304896998
0.333333063204162
0.333333076736085
0.333333089538269
0.333333101763825
0.333333113300736
0.333333124355637
0.333333134771155
0.333333144722183
0.333333154208856
0.333333163077875
0.333333171631655
0.333333179687548
0.333333187438368
0.333333194678715
0.333333201690949
0.333333208221901
0.333333214421591
0.333333220422412
0.333333225999277
0.333333231424676
0.333333236568131
0.333333241328043
0.333333245919278
0.333333250258362
0.333333254460865
0.333333258477107
0.333333262116539
0.333333265741138
0.333333269257793
0.333333272259205
0.33333327526814
0.333333278419604
0.333333280936773
0.333333283551331
0.333333286118788
0.3333332886075
0.333333290674605
0.33333329263507
0.333333294653361
0.333333296682395
0.3333332983408
0.33333330013939
0.333333301921274
0.333333303650405
0.333333305563093
0.33333330647235
0.333333308113115
0.3333333095164
0.333333310576913
0.333333311374291
0.333333312549375
0.333333314007185
0.333333314472196
0.333333315598013
0.333333316216311
0.333333317084097
0.333333317883373
0.333333319325677
0.333333320148043
0.33333332068075
0.333333321942424
0.333333321721077
0.333333322497731
0.333333323478767
0.333333323478767
0.333333323207012
0.333333325018713
0.333333323412773
0.333333325525852
0.333333326860429
0.33333332557268
0.333333327297894
0.333333328724763
0.333333326813168
0.333333327100626
0.33333332937003
0.333333330007055
0.333333328330672
0.333333327977749
0.333333331506977
0.333333329942777
0.333333331383488
0.333333331383488
0.333333330015183
0.333333328574862
0.333333333123244
0.333333330729359
0.333333334929158
0.333333333160822
0.333333327266366
0.333333328572617
0.333333329947617
0.333333333927882
0.333333330119016
0.333333338137681
0.333333330963086
0.333333338959538
0.33333333849191
0.333333332092779
0.333333335201669
0.333333339565022
0.333333326360136
0.333333337842646
0.333333335934195
0.333333341291249
0.333333330718117
0.333333329976143
0.333333327633067
0.333333333387991
0.333333328195578
0.333333336394125
0.333333322969604
0.333333332053866
0.333333324616459
0.333333334682123
0.333333341745747
0.333333340506515
0.333333323548599
0.333333333160373
0.333333349059548
0.333333344495192
0.33333332367532
0.333333330418598
0.333333344614974
0.333333324067588
0.333333333898873
0.333333338038362
0.333333348931752
0.333333346638407
0.333333308013643
0.333333341047981
0.333333319649219
0.333333347805484
0.333333365588388
0.333333300072426
0.333333329628499
0.333333326171649
0.333333340726809
0.333333329235893
0.333333341331594
0.333333341331594
0.333333318994196
0.333333337804637
0.333333392255914
0.333333314096186
0.3333333031264
0.333333355088546
0.333333336856214
0.333333343253523
0.333333356721543
0.333333349633112
0.333333416786673
0.333333314681843
0.333333331217038
0.333333348622507
0.333333229532458
0.333333335604566
0.33333337620633
0.333333429629704
0.333333283418366
0.333333200545542
0.333333437325037
0.333333319263239
0.333333333071637
0.333333260395861
0.333333336896678
0.333333224158632
0.333333342830259
0.333333432057046
0.333333244211178
0.333333086025184
0.333333273350704
0.333333382897791
0.333333567398149
0.333333397463609
0.333333371909543
0.333333156717407
0.333333185032161
0.333333214837166
0.333333528574061
0.333333231349634
0.333333544217452
0.333333397846543
0.333333551921184
0.333333187007561
0.333333016287738
0.333333151066546
0.333333056484926
0.333333504503125
0.333332875705653
0.333333261809364
0.333333494052197
0.333333249586057
0.333333442585641
0.333333984338861
0.333333627922269
0.333334303237917
0.333334224253631
0.333333642264153
0.333333817298582
0.333333725175198
0.333333434259249
0.333332515577304
0.333332193232761
0.333333663576287
0.333333425463976
0.33333467868667
0.333333491423065
0.333333630284305
0.333334214963212
0.333331599294418
0.333331761255334
0.333332613681208
0.333332613681208
0.333334880520097
0.333332693219415
0.333332065286205
0.333333387250858
0.333334546868974
0.333330396656767
0.333332709468524
0.333331627451328
0.333335329089103
0.333333230994818
0.333335124012218
0.333337116662114
0.333331872846599
0.333330032911331
0.333334293814058
0.333328993169518
0.333335431199323
